Listando Network adapter 'Realtek PCIe GBE Family Controller' on local host
[SM]received data size: 152
[SM]received size: 148
[SM]received opcode: 3074
00000000   94 00 02 0C 00 00 00 00  00 00 00 00 00 00 00 00   ?иииииииииииииии
00000010   02 00 00 00 00 00 00 00  02 00 00 00 80 04 00 00   ииииииииииии?иии
00000020   FF FF FF FF 00 68 65 3C  3C 5B 54 69 67 72 65 73       иhe<<[Tigres
00000030   5D 3E 3E 00 00 00 00 23  50 61 72 74 69 75 23 50   ]>>ииии#Partiu#P
00000040   42 54 72 6F 6C 6C 00 00  00 00 00 00 00 00 00 00   BTrollииииииииии
00000050   00 00 00 00 00 00 00 00  00 1F 81 04 00 00 FF FF   ииииииииииЂиии  
00000060   FF FF 00 00 00 00 00 00  00 00 00 00 00 00 00 00     ииииииииииииии
00000070   00 00 00 00 00 46 75 6D  61 50 72 61 51 75 65 00   иииииFumaPraQueи
00000080   00 00 00 00 00 00 00 00  00 00 00 00 00 00 00 00   ииииииииииииииии
00000090   00 00 00 00 00 00 00 1F                            ииииииии        

[CM]received data size: 6
[CM]received size: 2
[CM]received key: 128
[CM]received opcode: 40225
00000000   21 9D C4 C0                                        !Ю─└            

[SM]received data size: 152
[SM]received size: 148
[SM]received opcode: 3074
00000000   94 00 02 0C 00 00 00 00  00 00 00 00 00 00 00 00   ?иииииииииииииии
00000010   02 00 00 00 00 00 00 00  02 00 00 00 80 04 00 00   ииииииииииии?иии
00000020   FF FF FF FF 00 68 65 3C  3C 5B 54 69 67 72 65 73       иhe<<[Tigres
00000030   5D 3E 3E 00 00 00 00 23  50 61 72 74 69 75 23 50   ]>>ииии#Partiu#P
00000040   42 54 72 6F 6C 6C 00 00  00 00 00 00 00 00 00 00   BTrollииииииииии
00000050   00 00 00 00 00 00 00 00  00 1F 81 04 00 00 FF FF   ииииииииииЂиии  
00000060   FF FF 00 00 00 00 00 00  00 00 00 00 00 00 00 00     ииииииииииииии
00000070   00 00 00 00 00 46 75 6D  61 50 72 61 51 75 65 00   иииииFumaPraQueи
00000080   00 00 00 00 00 00 00 00  00 00 00 00 00 00 00 00   ииииииииииииииии
00000090   00 00 00 00 00 00 00 1F                            ииииииии        

[CM]received data size: 6
[CM]received size: 2
[CM]received key: 128
[CM]received opcode: 34849
00000000   21 88 EF E0                                        !?№Я            

[SM]received data size: 152
[SM]received size: 148
[SM]received opcode: 3074
00000000   94 00 02 0C 00 00 00 00  00 00 00 00 00 00 00 00   ?иииииииииииииии
00000010   02 00 00 00 00 00 00 00  02 00 00 00 80 04 00 00   ииииииииииии?иии
00000020   FF FF FF FF 00 68 65 3C  3C 5B 54 69 67 72 65 73       иhe<<[Tigres
00000030   5D 3E 3E 00 00 00 00 23  50 61 72 74 69 75 23 50   ]>>ииии#Partiu#P
00000040   42 54 72 6F 6C 6C 00 00  00 00 00 00 00 00 00 00   BTrollииииииииии
00000050   00 00 00 00 00 00 00 00  00 1F 81 04 00 00 FF FF   ииииииииииЂиии  
00000060   FF FF 00 00 00 00 00 00  00 00 00 00 00 00 00 00     ииииииииииииии
00000070   00 00 00 00 00 46 75 6D  61 50 72 61 51 75 65 00   иииииFumaPraQueи
00000080   00 00 00 00 00 00 00 00  00 00 00 00 00 00 00 00   ииииииииииииииии
00000090   00 00 00 00 00 00 00 1F                            ииииииии        

[CM]received data size: 6
[CM]received size: 2
[CM]received key: 128
[CM]received opcode: 39329
00000000   A1 99 03 E0                                        А?иЯ            

[SM]received data size: 8
[SM]received size: 4
[SM]received opcode: 3078
00000000   04 00 06 0C 00 00 00 80                            иииииии?        

[CM]received data size: 6
[CM]received size: 2
[CM]received key: 128
[CM]received opcode: 40225
00000000   21 9D EC E0                                        !ЮВЯ            

[SM]received data size: 152
[SM]received size: 148
[SM]received opcode: 3074
00000000   94 00 02 0C 00 00 00 00  00 00 00 00 00 00 00 00   ?иииииииииииииии
00000010   02 00 00 00 00 00 00 00  02 00 00 00 80 04 00 00   ииииииииииии?иии
00000020   FF FF FF FF 00 68 65 3C  3C 5B 54 69 67 72 65 73       иhe<<[Tigres
00000030   5D 3E 3E 00 00 00 00 23  50 61 72 74 69 75 23 50   ]>>ииии#Partiu#P
00000040   42 54 72 6F 6C 6C 00 00  00 00 00 00 00 00 00 00   BTrollииииииииии
00000050   00 00 00 00 00 00 00 00  00 1F 81 04 00 00 FF FF   ииииииииииЂиии  
00000060   FF FF 00 00 00 00 00 00  00 00 00 00 00 00 00 00     ииииииииииииии
00000070   00 00 00 00 00 46 75 6D  61 50 72 61 51 75 65 00   иииииFumaPraQueи
00000080   00 00 00 00 00 00 00 00  00 00 00 00 00 00 00 00   ииииииииииииииии
00000090   00 00 00 00 00 00 00 1F                            ииииииии        

[CM]received data size: 6
[CM]received size: 2
[CM]received key: 128
[CM]received opcode: 37153
00000000   21 91 AA 60                                        !?ф`            

[SM]received data size: 152
[SM]received size: 148
[SM]received opcode: 3074
00000000   94 00 02 0C 00 00 00 00  00 00 00 00 00 00 00 00   ?иииииииииииииии
00000010   02 00 00 00 00 00 00 00  02 00 00 00 80 04 00 00   ииииииииииии?иии
00000020   FF FF FF FF 00 68 65 3C  3C 5B 54 69 67 72 65 73       иhe<<[Tigres
00000030   5D 3E 3E 00 00 00 00 23  50 61 72 74 69 75 23 50   ]>>ииии#Partiu#P
00000040   42 54 72 6F 6C 6C 00 00  00 00 00 00 00 00 00 00   BTrollииииииииии
00000050   00 00 00 00 00 00 00 00  00 1F 81 04 00 00 FF FF   ииииииииииЂиии  
00000060   FF FF 00 00 00 00 00 00  00 00 00 00 00 00 00 00     ииииииииииииии
00000070   00 00 00 00 00 46 75 6D  61 50 72 61 51 75 65 00   иииииFumaPraQueи
00000080   00 00 00 00 00 00 00 00  00 00 00 00 00 00 00 00   ииииииииииииииии
00000090   00 00 00 00 00 00 00 1F                            ииииииии        

[CM]received data size: 6
[CM]received size: 2
[CM]received key: 128
[CM]received opcode: 40737
00000000   21 9F C2 00                                        !?┬и            

[SM]received data size: 152
[SM]received size: 148
[SM]received opcode: 3074
00000000   94 00 02 0C 00 00 00 00  00 00 00 00 00 00 00 00   ?иииииииииииииии
00000010   02 00 00 00 00 00 00 00  02 00 00 00 80 04 00 00   ииииииииииии?иии
00000020   FF FF FF FF 00 68 65 3C  3C 5B 54 69 67 72 65 73       иhe<<[Tigres
00000030   5D 3E 3E 00 00 00 00 23  50 61 72 74 69 75 23 50   ]>>ииии#Partiu#P
00000040   42 54 72 6F 6C 6C 00 00  00 00 00 00 00 00 00 00   BTrollииииииииии
00000050   00 00 00 00 00 00 00 00  00 1F 81 04 00 00 FF FF   ииииииииииЂиии  
00000060   FF FF 00 00 00 00 00 00  00 00 00 00 00 00 00 00     ииииииииииииии
00000070   00 00 00 00 00 46 75 6D  61 50 72 61 51 75 65 00   иииииFumaPraQueи
00000080   00 00 00 00 00 00 00 00  00 00 00 00 00 00 00 00   ииииииииииииииии
00000090   00 00 00 00 00 00 00 1F                            ииииииии        

[CM]received data size: 6
[CM]received size: 2
[CM]received key: 128
[CM]received opcode: 37921
00000000   21 94 66 E0                                        !?fЯ            

[SM]received data size: 152
[SM]received size: 148
[SM]received opcode: 3074
00000000   94 00 02 0C 00 00 00 00  00 00 00 00 00 00 00 00   ?иииииииииииииии
00000010   02 00 00 00 00 00 00 00  02 00 00 00 80 04 00 00   ииииииииииии?иии
00000020   FF FF FF FF 00 68 65 3C  3C 5B 54 69 67 72 65 73       иhe<<[Tigres
00000030   5D 3E 3E 00 00 00 00 23  50 61 72 74 69 75 23 50   ]>>ииии#Partiu#P
00000040   42 54 72 6F 6C 6C 00 00  00 00 00 00 00 00 00 00   BTrollииииииииии
00000050   00 00 00 00 00 00 00 00  00 1F 81 04 00 00 FF FF   ииииииииииЂиии  
00000060   FF FF 00 00 00 00 00 00  00 00 00 00 00 00 00 00     ииииииииииииии
00000070   00 00 00 00 00 46 75 6D  61 50 72 61 51 75 65 00   иииииFumaPraQueи
00000080   00 00 00 00 00 00 00 00  00 00 00 00 00 00 00 00   ииииииииииииииии
00000090   00 00 00 00 00 00 00 1F                            ииииииии        

Parar! Network adapter 'Realtek PCIe GBE Family Controller' on local host
